01990395326
01990395492
01990396089
01990394556
01990394578
01990394716
01990394729
01990394766
01990395092
01990379892
01990379887
01990389851
01990379823
01990369820
01990369756
01990379745
01990389743
01990389716
01990369714
01990369685
01990389681
01990369671
01990396089
01990389602
01990389579
01990369578
01990379564
01990369562
01990369561
01990395492
01990389543
01990395326
01990369526
01990395092
01990389498
01990389485
01990394766
01990394729
01990394716
01990394578
01990394556
01990394475
01990394426
01990369438
01990379435
01990379432
01990394268
01990369416
01990369409
01990379406
01990389402
01990379372
01990379365
01990393627
01990379350
01990393406
01990392873
01990392815
01990392782
01990392783
01990392760
01990389273
01990389271
01990392602
01990369256
01990379240
01990379230
01990392245
01990379224
01990392178
01990391832
01990391723
01990391694
01990389166
01990391654
01990391648
01990391561
01990391536
01990389146
01990379144
01990379143
01990379141
01990369141
01990391405
01990389127
01990391258
01990391185
01990391164
01990379105
01990390728
01990390651
01990390546
01990390423
01990369041
01990396089
01990395492
01990395326
01990394556
01990394578
01990394716
01990394729
01990394766
01990395092
01990389485
01990389498
01990389543
01990389579
01990389602
01990389681
01990389716
01990389743
01990389851
01990379406
01990379432
01990379435
01990379564
01990379745
01990379823
01990379887
01990379892
01990379350
01990369820
01990369756
01990369714
01990369685
01990369671
01990369578
01990369562
01990369561
01990369416
01990390142
01990379013
01990389851
01990388975
01990389743
01990389716
01990389681
01990389602
01990389579
01990389543
01990389498
01990389485
01990368947
01990389402
01990378932
01990389271
01990389273
01990388924
01990389166
01990389146
01990389127
01990388975
01990388924
01990388674
01990388564
01990378852
01990388413
01990388418
01990378831
01990388196
01990388153
01990388154
01990388095
01990378791
01990387699
01990387685
01990368766
01990387481
01990387317
01990368729
01990387217
01990387160
01990387149
01990387109
01990387098
01990386961
01990386841
01990386847
01990388674
01990378669
01990386632
01990386329
01990386294
01990368625
01990386129
01990386115
01990386043
01990385931
01990385792
01990385749
01990378565
01990388564
01990385609
01990385597
01990385491
01990378544
01990385334
01990385289
01990378523
01990385146
01990385104
01990385073
01990384939
01990384821
01990384790
01990384791
01990384724
01990384729
01990384672
01990384465
01990378445
01990384375
01990388418
01990388413
01990384129
01990384053
01990383641
01990383476
01990383478
01990383306
01990383291
01990383246
01990383186
01990383146
01990383122
01990383105
01990382963
01990382835
01990378280
01990382765
01990382695
01990382697
01990378262
01990382584
01990368252
01990382505
01990382436
01990382391
01990382398
01990382376
01990382096
01990388196
01990381874
01990381767
01990381759
01990381742
01990381716
01990378163
01990388154
01990388153
01990378149
01990368149
01990381450
01990378142
01990381407
01990378138
01990381326
01990381304
01990381271
01990381192
01990381135
01990381109
01990378103
01990380967
01990388095
01990380856
01990380749
01990380513
01990380325
01990380297
01990380256
01990378015
01990380146
01990379892
01990379887
01990379823
01990379745
01990377963
01990367963
01990379564
01990379432
01990379435
01990379406
01990379372
01990379365
01990379350
01990379240
01990379230
01990379224
01990379141
01990379143
01990379144
01990379105
01990379013
01990378932
01990378852
01990378831
01990378791
01990378669
01990367858
01990378565
01990378544
01990378523
01990378445
01990378280
01990378262
01990378163
01990378142
01990378149
01990378138
01990378103
01990367810
01990378015
01990377963
01990367784
01990377694
01990377587
01990377484
01990377416
01990377140
01990377126
01990377059
01990387699
01990376988
01990376951
01990376954
01990377694
01990376933
01990376897
01990387685
01990376834
01990376835
01990376838
01990376823
01990376801
01990376748
01990376695
01990376685
01990376632
01990376591
01990376525
01990376528
01990376424
01990376343
01990376302
01990376305
01990376293
01990376290
01990376227
01990376197
01990376097
01990376083
01990376047
01990376031
01990376034
01990376013
01990375941
01990377587
01990375870
01990375865
01990375846
01990367581
01990375803
01990375743
